0.009795546
0.007485968
0.008427611
0.009003952
0.010191283
0.008606434
0.009018369
0.009149075
0.007491902
0.009066961
0.007227701
0.009162959
0.008139796
0.008438112
0.007763638
0.007257782
0.007284599
0.006689628
0.007433876
0.007612640
0.009261033
0.009260974
0.007781852
0.007598163
0.008704568
0.009871311
0.007446929
0.008721299
0.011159862
0.009709397
0.008125260
0.008127158
0.009565282
0.009812811
0.010753267
0.008665053
0.008008140
0.009211136
0.010044083
0.007564463
0.008701898
0.009877779
0.009562672
0.007422188
0.008275130
0.007742338
0.008328290
0.008092687
0.006787465
0.009427931
0.016131383
0.008616461
0.014128191
0.008941892
0.008708009
0.007867526
0.008091797
0.011116550
0.008899529
0.007922941
0.007257070
0.009840637
0.010927284
0.014709457
0.008298744
0.008763602
0.007907693
0.008622869
0.014213628
0.007502640
0.008159850
0.018043977
0.007858033
0.007395785
0.009130623
0.008753041
0.006767352
0.009984456
0.009120300
0.011173627
0.008062310
0.009119707
0.008848920
0.008365016
0.008897987
0.009621113
0.007520558
0.008755296
0.005503483
0.009036999
0.008592966
0.008375043
0.007847591
0.011431064
0.008103248
0.011951930
0.008529957
0.008880662
0.011346280
0.013145255
0.009170197
0.008814983
0.009301853
0.009532116
0.008820738
0.008325917
0.014660805
0.008521354
0.009185623
0.006790491
0.008829281
0.010093684
0.010818412
0.007651087
0.008873008
0.007994376
0.008944265
0.008442799
0.008441672
0.008770544
0.009574479
0.010107152
0.008564072
0.014088973
0.010761158
0.008886180
0.009711414
0.008243625
0.008361160
0.008218410
0.008682852
0.006982308
0.009613340
0.008545442
0.008215324
0.009340774
0.008748769
0.008112326
0.008713349
0.015565484
0.010293807
0.008392249
0.007941215
0.009662526
0.010441779
0.008704271
0.007888055
0.009455283
0.009289274
0.008456920
0.008123955
0.007661410
0.009011487
0.008767458
0.009864132
0.008148280
0.007555445
0.009411081
0.007996927
0.007242593
0.007887165
0.008030449
0.008986805
0.016896575
0.009257651
0.008430933
0.008194855
0.007850735
0.007560073
0.007974025
0.009815956
0.008660425
0.007684015
0.008455377
0.008969718
0.009191438
0.008647254
0.008569708
0.007977585
0.007617149
0.009071174
0.009363794
0.008351370
0.012552182
0.008530965
0.008812550
0.011865307
0.008935306
0.008309601
0.007679684
0.009361243
0.011042802
0.008991670
0.008838656
0.008992857
0.009412861
0.008860667
0.007464669
0.009014987
0.009398799
0.007964295
0.008716908
0.008518387
0.008188625
0.006752756
0.008275783
0.009409538
0.010264795
0.007987612
0.008996239
0.008904928
0.011991089
0.008646305
0.009161238
0.008768586
0.009066249
0.009131573
0.009242403
0.008361753
0.008815635
0.009346232
0.008826493
0.008176463
0.009560358
0.010743240
0.008398123
0.009233622
0.011331862
0.009839510
0.008541407
0.016181280
0.008743904
0.009492305
0.007968092
0.007224971
0.006623949
0.008846784
0.008575285
0.007642306
0.006809833
0.009567121
0.009303455
0.008842749
0.009835654
0.009761549
0.008524854
0.007443369
0.010296477
0.009024065
0.009045839
0.008944027
0.007829732
0.009990982
0.013122293
0.007930773
0.008237870
0.009129259
0.008922550
0.009358573
0.011520654
0.010032810
0.007559242
0.009185623
0.007664317
0.009192565
0.018819195
0.009755379
0.007883605
0.008934179
0.009445434
0.008785851
0.008719875
0.008445351
0.019047976
0.009419921
0.008765738
0.008382638
0.008897987
0.008452826
0.009198617
0.013778376
0.008891045
0.008943790
0.008812075
0.008801040
0.007913033
0.007493385
0.007597214
0.008546154
0.007867229
0.008155756
0.009981548
0.007216665
0.008704034
0.008651348
0.008744616
0.008884281
0.008348997
0.017406525
0.012455354
0.008034780
0.008617529
0.008091501
0.007360424
0.009429118
0.008832367
0.009001579
0.008176463
0.008119623
0.007615073
0.007025145
0.007752187
0.009717170
0.008387325
0.010599481
0.008289369
0.008029559
0.008872593
0.009650244
0.009992999
0.010341450
0.007812764
0.006827276
0.008645652
0.009129140
0.011401517
0.007371756
0.008478457
0.008087644
0.008119208
0.008762178
0.007991587
0.008315178
0.008132142
0.011791025
0.009335197
0.007329038
0.007952488
0.011050574
0.008836164
0.008472761
0.008982889
0.009475692
0.009214221
0.014039729
0.007945250
0.012401956
0.009038245
0.008605544
0.013388215
0.008635981
0.009237301
0.009996796
0.009610730
0.008995171
0.009080192
0.008080109
0.008414083
0.008475550
0.008858828
0.007968745
0.008489315
0.008195508
0.007515575
0.008465167
0.015697436
0.008483856
0.009163611
0.007692678
0.008846665
0.009120834
0.008519218
0.008695668
0.007355262
0.007078780
0.008403404
0.008361219
0.008092272
0.009086837
0.009486491
0.008689854
0.008235260
0.008714951
0.008332978
0.008297438
0.007994969
0.007501869
0.010880116
0.007521330
0.011453135
0.008606612
0.009346173
0.007980670
0.009560476
0.009347893
0.009109027
0.008410286
0.008397411
0.008224877
0.008104731
0.007975568
0.008836045
0.008613020
0.009330925
0.011221922
0.007518660
0.007901997
0.008744794
0.008379137
0.009505299
0.008544671
0.008947587
0.008977668
0.008275189
0.008719697
0.008029796
0.008183879
0.007889716
0.008117784
0.007600833
0.007646043
0.008843699
0.009060850
0.008026414
0.009240030
0.007979840
0.007306611
0.008051393
0.009303455
0.009155780
0.008551790
0.007545062
0.008738386
0.009458783
0.004158983
0.007520440
0.007596087
0.009884483
0.012291778
0.007393353
0.008925872
0.008473473
0.008303609
0.009017835
0.008678343
0.007379232
0.008849098
0.008530135
0.009561426
0.009279960
0.009491059
0.008134575
0.006214031
0.009596668
0.009230952
0.007980255
0.009674333
0.006657649
0.008176878
0.007428833
0.009143380
0.008216511
0.008928720
0.009149669
0.008607680
0.008742717
0.007303051
0.013871525
0.008124667
0.008378307
0.008477983
0.007132356
0.008467837
0.008432120
0.009164917
0.007680633
0.008936730
0.008990899
0.007778945
0.009057112
0.008418177
0.009035397
0.015893585
0.008496731
0.007904786
0.016549073
0.008714595
0.008278571
0.008531618
0.008903801
0.008353862
0.009172036
0.008783122
0.009261567
0.009836662
0.008523727
0.010305496
0.008756660
0.008279876
0.009045424
0.012641772
0.009973361
0.009930108
0.009660983
0.009470946
0.008484865
0.008137423
0.007245619
0.008800565
0.007775148
0.008105503
0.009340892
0.008953580
0.008336004
0.008924448
0.009539889
0.009404673
0.008344310
0.012599765
0.007907159
0.006943268
0.009386993
0.009125936
0.008192423
0.008614978
0.008070913
0.009503341
0.009517343
0.008327519
0.008903148
0.013779265
0.008372492
0.008927118
0.008879060
0.009001816
0.008288123
0.008744557
0.008939162
0.008699465
0.008417287
0.009729036
0.008742065
0.008900953
0.009412030
0.008575879
0.008235378
0.008952274
0.008516310
0.008416990
0.008904335
0.009458190
0.007779479
0.009755438
0.008423161
0.009829483
0.008333334
0.007681345
0.008118259
0.007817451
0.008438290
0.009107366
0.009178622
0.008347039
0.009321847
0.008536720
0.008471575
0.008738861
0.008589169
0.007939554
0.008405777
0.007409016
0.008658586
0.008582998
0.008755296
0.007753967
0.009464360
0.009130208
0.009258007
0.008831655
0.012196730
0.008112385
0.007823740
0.009032431
0.007754145
0.007838869
0.008898580
0.006939886
0.008221376
0.008623343
0.008025584
0.008748176
0.008785198
0.008709611
0.009086837
0.008971794
0.008383765
0.007888885
0.008354871
0.010011095
0.008009505
0.009051239
0.008652772
0.008041781
0.007513795
0.012606470
0.009208525
0.008969243
0.008779977
0.008707771
0.009276222
0.008274121
0.010375269
0.008846725
0.009715508
0.007586060
0.008977253
0.008977787
0.008187320
0.008304795
0.009252371
0.007693568
0.009769915
0.008163944
0.008218232
0.008064624
0.009178444
0.009236114
0.009118757
0.006243281
0.008588516
0.014451248
0.007964473
0.017226514
0.007864737
0.009637251
0.008463328
0.009795961
0.007475467
0.008257627
0.008728359
0.007858508
0.009000214
0.009982142
0.010378057
0.008765085
0.009049993
0.008353210
0.008703084
0.008593678
0.007756696
0.008066344
0.008961233
0.008825010
0.008859837
0.008894901
0.009469641
0.008860964
0.008952690
0.008874907
0.007761917
0.008999265
0.008253830
0.008706229
0.007489884
0.008170292
0.008121997
0.008787394
0.009209474
0.009260024
0.009394112
0.008046468
0.009603788
0.008433484
0.007325775
0.011379208
0.008962242
0.008068955
0.005668364
0.009835594
0.008789708
0.009086422
0.008947706
0.008687480
0.009332230
0.008315475
0.008365016
0.009948442
0.008384596
0.008559800
0.007225387
0.007687694
0.010002136
0.009034567
0.008860252
0.008228496
0.007637856
0.008880187
0.008620674
0.008049376
0.008358846
0.008501774
0.006533587
0.008621148
0.007195781
0.008766924
0.008373501
0.009356971
0.008359261
0.010435668
0.009502569
0.009076632
0.009227155
0.008155578
0.008903801
0.008758737
0.007995800
0.008659357
0.008557842
0.008511861
0.007585941
0.013631294
0.009123266
0.008613257
0.008595992
0.009191734
0.008617826
0.007714749
0.009115079
0.003881314
0.008885883
0.008293582
0.007456659
0.009169426
0.008685997
0.007928696
0.009048094
0.009779467
0.008958682
0.008341877
0.007700450
0.009215467
0.009041924
0.008632896
0.007879214
0.007901463
0.018378960
0.008235853
0.009445493
0.008497502
0.008821212
0.008383231
0.008596704
0.008826908
0.009284943
0.008473236
0.008106215
0.008395572
0.008790954
0.008340335
0.008365966
0.008681547
0.008918040
0.007847413
0.008789530
0.009234571
0.009452969
0.008058453
0.009064944
0.008359677
0.008543128
0.009361480
0.009395596
0.009090041
0.008925872
0.007862127
0.017713088
0.008589228
0.007964236
0.008914540
0.006463102
0.008509903
0.008520998
0.018336657
0.008466235
0.006364494
0.017613174
0.008040179
0.008957792
0.008643338
0.008490145
0.007985713
0.016669812
0.008243922
0.009268924
0.007168251
0.009219798
0.009138455
0.008095891
0.009744284
0.008645118
0.007880638
0.008005886
0.009364625
0.009524462
0.009229232
0.008451996
0.008465345
0.007527975
0.008969006
0.009135073
0.009006088
0.009545881
0.009122495
0.008576887
0.012363687
0.008747108
0.008370060
0.008638117
0.010640953
0.008487001
0.008357541
0.008747583
0.008512217
0.009131157
0.009396782
0.008099866
0.007756102
0.008120632
0.009376254
0.008730199
0.008559741
0.008443037
0.008568225
0.009346292
0.008336597
0.007718131
0.008594331
0.008763187
0.008317492
0.008757491
0.008824120
0.008869626
0.008197703
0.016366749
0.008426899
0.008077498
0.007574431
0.007400176
0.008870813
0.009442586
0.008360151
0.008306575
0.007849489
0.009426270
0.008415448
0.009531523
0.006609709
0.008387621
0.008681013
0.009699608
0.008067056
0.005382270
0.009092118
0.015507518
0.007415365
0.008458819
0.008276791
0.008749185
0.007908642
0.008950139
0.009404258
0.009104577
0.009180639
0.007727742
0.009230537
0.007844565
0.007891555
0.007832639
0.008644050
0.009625147
0.007517236
0.009500493
0.009328018
0.011102429
0.009356140
0.007931722
0.008482492
0.018047655
0.008295302
0.008108469
0.008702966
0.008361990
0.008218232
0.008617292
0.008888256
0.008946045
0.006921256
0.009238131
0.008425712
0.009790087
0.008810355
0.008101765
0.007589857
0.007618217
0.008519633
0.008849751
0.009055807
0.008155400
0.008633133
0.008277385
0.008785732
0.008718866
0.008368398
0.011969433
0.008277147
0.008718273
0.005534632
0.015677204
0.008645059
0.008687302
0.015376574
0.009633987
0.008215562
0.008600976
0.009431847
0.008033237
0.008573921
0.009040559
0.009138633
0.008334224
0.015530301
0.008538026
0.008614859
0.008441375
0.008169580
0.008169758
0.010342637
0.009071826
0.009047085
0.009355073
0.008884162
0.008962835
0.008893952
0.008979685
0.009066071
0.008836757
0.008268010
0.009161298
0.008838893
0.008138075
0.008029381
0.008671283
0.008105206
0.008674902
0.009521140
0.008384002
0.008491451
0.007991172
0.008413430
0.008100163
0.009747428
0.014793351
0.009131751
0.008469914
0.017469297
0.007058667
0.007479798
0.009411259
0.008642804
0.020107508
0.009661695
0.006035741
0.008146500
0.012179583
0.010150286
0.007027340
0.008357185
0.008535890
0.007278251
0.010345366
0.008120217
0.016606268
0.007903421
0.009930880
0.008499994
0.007153359
0.007892564
0.008463862
0.007861415
0.008327875
0.008456505
0.007508692
0.008475194
0.008225885
0.008450750
0.008499816
0.008959098
0.008740522
0.008506461
0.008914896
0.008984017
0.007999004
0.008365788
0.008670274
0.008155756
0.008820975
0.008467540
0.008390291
0.008791428
0.008893715
0.008510496
0.009102501
0.009452138
0.008579201
0.008225945
0.008800743
0.008441553
0.009023056
0.008901250
0.008543603
0.008323900
0.008890748
0.008381392
0.008848327
0.009622359
0.013385842
0.007885681
0.008511920
0.009185505
0.008723257
0.009181529
0.008931509
0.008317433
0.009715924
0.009680325
0.008645652
0.008955004
0.009199566
0.007897844
0.009126589
0.008325502
0.008451521
0.009062986
0.008787750
0.008988466
0.008343657
0.007824274
0.009097161
0.007834479
0.007887402
0.008946519
0.007862542
0.008698575
0.008826849
0.009143083
0.007899743
0.008710145
0.007396082
0.008555647
0.009013860
0.008491391
0.008263976
0.009941559
0.008753100
0.009034092
0.007755450
0.008726461
0.009418497
0.008975117
0.007297474
0.008641439
0.008897334
0.007858982
0.007952191
0.008330723
0.012540257
0.008325680
0.007207350
0.007982925
0.007766129
0.008697982
0.009012139
0.009036821
0.008152552
0.009288800
0.011229042
0.009665730
0.007137814
0.008018108
0.008681962
0.008754465
0.008834621
0.008838418
0.008411176
0.007989155
0.008678284
0.008361101
0.008398538
0.008482551
0.008355167
0.008990484
0.008580685
0.008766450
0.008896266
0.009204135
0.009585633
0.009117986
0.009894213
0.009225078
0.008934712
0.009128132
0.009005613
0.008870398
0.008940942
0.008406311
0.008343420
0.009267144
0.008016921
0.007998292
0.007933146
0.008494299
0.008516963
0.011563372
0.007947148
0.008572082
0.008794276
0.010083538
0.007744533
0.008420016
0.007825164
0.008993569
0.008739039
0.008389105
0.007657969
0.008126506
0.008288123
0.010122400
0.008271273
0.008580151
0.008778197
0.008940942
0.008740166
0.009592337
0.008676801
0.009053790
0.016821580
0.008046824
0.008927711
0.007739430
0.008471990
0.010273338
0.007425748
0.008688074
0.008149823
0.007556276
0.014752412
0.008733877
0.008367805
0.007843319
0.006390303
0.008284267
0.009055688
0.006978095
0.008372551
0.008776892
0.008698457
0.008550129
0.008138313
0.008866897
0.007130754
0.009442408
0.016877708
0.008335470
0.008825247
0.008682378
0.008694837
0.008594093
0.008766331
0.008200610
0.009165391
0.008747820
0.009468751
0.009477472
0.008544196
0.009053671
0.018397352
0.007985476
0.009084464
0.008412125
0.008893299
0.011447795
0.009182775
0.008749718
0.008031576
0.008538144
0.007977348
0.008372136
0.009020327
0.008396877
0.008691633
0.009420218
0.008650398
0.008728597
0.008397530
0.008517616
0.009077819
0.008942663
0.008608273
0.008729012
0.008544196
0.008511564
0.008330901
0.008150238
0.007885325
0.008800209
0.011797729
0.009606992
0.008855090
0.009160764
0.009033973
0.008446181
0.008994399
0.007821604
0.008465582
0.007263537
0.008405895
0.009271179
0.007987909
0.008774044
0.007733853
0.008077617
0.010289239
0.008033771
0.008775231
0.009119232
0.009368303
0.010549643
0.007629905
0.008067946
0.008419957
0.007866043
0.008309898
0.008657221
0.009291766
0.015633715
0.007765477
0.008959869
0.009339528
0.008832070
0.008379137
0.008596289
0.007893750
0.008054893
0.008469202
0.007954980
0.008596467
0.007196196
0.008018464
0.008249499
0.009101907
0.009095796
0.008037509
0.008183464
0.009041924
0.008450216
0.008057741
0.008847259
0.007837267
0.008435976
0.009028693
0.008836638
0.007722580
0.010024504
0.008859481
0.008354159
0.008299812
0.008754940
0.008810473
0.008871228
0.008384418
0.008934653
0.008398598
0.009063105
0.008795225
0.008326036
0.008985203
0.004440746
0.008588516
0.009200219
0.008229445
0.009134836
0.009059070
0.008960284
0.007763875
0.008122293
0.008307821
0.013616995
0.008490976
0.006704164
0.008862388
0.002799533
0.008591067
0.006826149
0.007760493
0.008408091
0.008391656
0.009047441
0.008571904
0.008753753
0.008674249
0.010198996
0.008571963
0.016075434
0.008827323
0.009342910
0.007894996
0.009110570
0.007559302
0.008157714
0.007320138
0.009565698
0.008812431
0.009599872
0.007862364
0.003579379
0.009121190
0.009020742
0.008614681
0.008174089
0.008622928
0.009015759
0.009237123
0.009215051
0.008534822
0.008695431
0.009310278
0.008092450
0.008619962
0.008622632
0.008574573
0.006818436
0.009776679
0.008486942
0.008406785
0.008750490
0.009213449
0.011927901
0.007335742
0.009423481
0.008838656
0.008238938
0.008737734
0.008651288
0.008721240
0.008458225
0.007867170
0.008444164
0.008598246
0.008287589
0.007750703
0.008254245
0.009144329
0.008798963
0.008909260
0.008887900
0.008362702
0.009104221
0.007419280
0.009081438
0.008805015
0.012237253
0.008415151
0.008774697
0.007596205
0.008859362
0.006784320
0.008726817
0.008689379
0.008167207
0.009321195
0.007857024
0.008223097
0.008964378
0.008661019
0.008168690
0.008511386
0.008770840
0.008357303
0.009365693
0.008462260
0.008610647
0.008279461
0.008396462
0.008719341
0.008000902
0.007837742
0.010061171
0.008792081
0.009724230
0.007512015
0.008816525
0.009319533
0.008635862
0.008526871
0.008072693
0.008362228
0.009540363
0.010226289
0.009328492
0.009108849
0.008376052
0.007834657
0.008936492
0.008318501
0.007973432
0.006885242
0.008380561
0.008210756
0.008634498
0.008675673
0.009292894
0.006775302
0.008453064
0.009220866
0.007950471
0.008626547
0.009199091
0.007834835
0.008595399
0.008340869
0.009094669
0.008978380
0.008715010
0.006068789
0.009115553
0.007742397
0.007988680
0.009209474
0.008319450
0.008775053
0.008764492
0.008148221
0.008090848
0.008947884
0.008438053
0.008388867
0.008254127
0.008734886
0.009420040
0.013878764
0.008147687
0.008214672
0.010375981
0.008606849
0.008239769
0.008021312
0.008187735
0.008123065
0.008687718
0.007726200
0.008627497
0.009114545
0.009392510
0.007793066
0.009024065
0.007479620
0.008450453
0.009163730
0.006554353
0.008419423
0.008579261
0.007961506
0.008559859
0.007139713
0.007011499
0.007648713
0.008890214
0.008434908
0.008906827
0.008881493
0.008343539
0.009194108
0.008914777
0.007240279
0.008134753
0.008169877
0.008601806
0.009182419
0.008222741
0.010066154
0.009150499
0.007822790
0.008203043
0.008377773
0.009608416
0.007912084
0.007889775
0.008638117
0.008809227
0.008290378
0.008389045
0.008911336
0.008422271
0.008604298
0.009749446
0.008880603
0.007609792
0.003275664
0.009238665
0.008961649
0.002318002
0.008324909
0.008888375
0.008210340
0.008703203
0.009010241
0.008920710
0.008843699
0.007437495
0.008260772
0.008479407
0.008261306
0.008306338
0.008119683
0.013238286
0.008663511
0.008190999
0.007441174
0.007895174
0.009551992
0.008856099
0.008444283
0.009848825
0.008651704
0.008734055
0.008812906
0.008504088
0.009258244
0.003285394
0.009015699
0.007744474
0.007624328
0.009255337
0.009079302
0.007962159
0.007141671
0.008633786
0.008644821
0.008250864
0.008633014
0.008317255
0.009149313
0.008207196
0.009282036
0.008456445
0.008838834
0.008736903
0.008730080
0.008982177
0.009129199
0.007874349
0.009061859
0.008576057
0.009197549
0.009163018
0.008346505
0.007966431
0.008545027
0.009604025
0.008336597
0.012944657
0.007274276
0.008570598
0.008874907
0.008395453
0.008048604
0.006493836
0.012864144
0.008406192
0.008569234
0.008198712
0.008933467
0.008276435
0.008452589
0.008483500
0.008620377
0.007655655
0.008920295
0.008166436
0.007534798
0.008638473
0.009096686
0.009398147
0.009767482
0.007718487
0.008464455
0.009686377
0.008936492
0.007439156
0.006686187
0.008725808
0.009351394
0.013665172
0.009273374
0.008886951
0.009014987
0.009161535
0.008963844
0.008441019
0.009101907
0.008294531
0.009395774
0.009075980
0.009086303
0.008425297
0.010362335
0.008083432
0.008849573
0.008422093
0.009737935
0.007745838
0.008611715
0.008987814
0.008785614
0.008408031
0.018075185
0.007320316
0.008286699
0.006970264
0.008313339
0.008213485
0.007976339
0.008508894
0.008534584
0.017094028
0.008859243
0.008413015
0.009206982
0.007693983
0.009851376
0.008966099
0.008074235
0.008744557
0.008446003
0.008880187
0.009565994
0.008398479
0.005821794
0.007940978
0.009318643
0.008202271
0.009346292
0.008140330
0.008689735
0.007836852
0.009237241
0.008763661
0.009415175
0.009034329
0.008436154
0.008607146
0.008561936
0.008528889
0.008473889
0.008323366
0.009004070
0.008797421
0.008557308
0.008203221
0.008378366
0.006912831
0.008123124
0.008852836
0.008468727
0.009035575
0.008846131
0.008717620
0.008630167
0.015689842
0.008611121
0.008330070
0.009321254
0.007796922
0.009490822
0.008915074
0.008652831
0.008042315
0.009011605
0.008304617
0.008027542
0.008250033
0.008125675
0.008726817
0.008065870
0.008463802
0.008826137
0.008112919
0.008690032
0.008992501
0.008417821
0.008170470
0.008870398
0.009098051
0.009051357
0.008337249
0.009289571
0.010895898
0.009110510
0.008292395
0.008587033
0.008540399
0.008506046
0.008547044
0.008972566
0.007562743
0.008868914
0.008533457
0.008840554
0.008816466
0.008415448
0.008480059
0.007932731
0.008621979
0.009016352
0.009274323
0.009514258
0.008246414
0.008342411
0.008281300
0.008393080
0.008058572
0.008756542
0.009283045
0.008613079
0.008463921
0.008608807
0.008476915
0.008390469
0.008620258
0.008798963
0.009020149
0.008077142
0.008610469
0.008438883
0.008466710
0.014050408
0.008562055
0.009021573
0.008729071
0.008957318
0.008870635
0.008884281
0.006985571
0.010893881
0.009071767
0.007897607
0.008533813
0.008183820
0.010532377
0.008678818
0.008419245
0.008304914
0.008518684
0.008300524
0.007921043
0.009682046
0.009274442
0.006960771
0.008798192
0.009313482
0.009733960
0.008457573
0.007940029
0.008762653
0.008690862
0.008156705
0.008515124
0.009171384
0.008123124
0.009050883
0.009024718
0.007229896
0.008478279
0.008511623
0.007430672
0.008787809
0.008463328
0.007863729
0.008814805
0.008597712
0.008716968
0.008512573
0.008596526
0.008087585
0.009029049
0.008794632
0.009362726
0.008855031
0.008885705
0.008816110
0.008128108
0.008017989
0.006350077
0.008474067
0.008581752
0.008343598
0.008730851
0.010486870
0.008222029
0.007887699
0.008874551
0.008408269
0.009431491
0.008724265
0.008187201
0.008424703
0.008362406
0.008342055
0.008588516
0.007954090
0.016237467
0.007663309
0.007791048
0.006968365
0.007996274
0.008919998
0.008679352
0.008965802
0.008195389
0.009161950
0.008104909
0.007658325
0.008590652
0.002304890
0.007786599
0.008473058
0.008856040
0.008239650
0.009047560
0.008931924
0.007681227
0.008571548
0.006332040
0.009643184
0.008764492
0.008733521
0.009219798
0.009134658
0.008300286
0.008523430
0.007629965
0.007914635
0.005884981
0.008326273
0.008145254
0.008299396
0.008596763
0.008771018
0.008420194
0.008430814
0.008591364
0.010060399
0.009184437
0.008928186
0.008744616
0.008546569
0.008648440
0.008643694
0.008247244
0.009049755
0.008488247
0.008573090
0.007140247
0.008266705
0.008839664
0.009017301
0.009164264
0.008814389
0.008528295
0.009150796
0.006941666
0.008688964
0.008722960
0.007782327
0.008747820
0.008347336
0.009210661
0.008546510
0.008429272
0.008443927
0.008331732
0.008483797
0.008466650
0.007947148
0.008369526
0.008381748
0.008740166
0.008485221
0.008534347
0.007275165
0.008876627
0.008047952
0.001893370
0.008727588
0.008637939
0.007865390
0.008270621
0.008797065
0.008887604
0.007996868
0.008546332
0.007886037
0.008974346
0.008387799
0.006895447
0.010147616
0.009110926
0.009162365
0.008074532
0.008620852
0.007982272
0.007935341
0.008831773
0.009260855
0.008200195
0.008274952
0.008734114
0.008396521
0.008705458
0.008763899
0.008896622
0.008611833
0.008311974
0.008558020
0.008963310
0.009120478
0.008148280
0.008473414
0.008110368
0.008405658
0.007927272
0.009188946
0.008169105
0.008305567
0.009642650
0.008153976
0.009838145
0.008300761
0.008505097
0.008820382
0.008499460
0.009080429
0.008497087
0.008279046
0.007643670
0.007774258
0.008873127
0.008556537
0.008369526
0.008640727
0.008408091
0.007577754
0.007408067
0.008339979
0.008704330
0.008507826
0.009281502
0.008275901
0.008420016
0.008543543
0.008457335
0.008253771
0.002576982
0.008120751
0.003108113
0.008925932
0.008515124
0.008884400
0.008292158
0.009004308
0.008594153
0.007013397
0.007712554
0.009150974
0.009405741
0.008137838
0.008704686
0.008744675
0.009320423
0.008129354
0.008608570
0.008842097
0.008878941
0.007380715
0.008791725
0.008438290
0.007283116
0.015963358
0.008731089
0.009126886
0.017946615
0.008309186
0.008333037
0.008668850
0.008966514
0.008695015
0.012684193
0.008214019
0.009118995
0.008049494
0.008836282
0.008996001
0.008690210
0.009016115
0.006929622
0.008922787
0.008810414
0.008158901
0.009054264
0.007893988
0.008662799
0.008662858
0.008326451
0.008880247
0.008811660
0.007404982
0.008372017
0.008295065
0.002624210
0.007676718
0.009012614
0.008754524
0.008473295
0.037960202
0.008357363
0.008506995
0.009203957
0.008518565
0.009044593
0.007017372
0.008058572
0.008436332
0.008543899
0.008291743
0.009547186
0.008681844
0.007989214
0.009240208
0.009292241
0.008287886
0.008485043
0.008175395
0.008101587
0.009036228
0.008648500
0.008635803
0.008646245
0.008940112
0.008490027
0.008701008
0.009924175
0.008472761
0.007987612
0.009661220
0.009287495
0.004061977
0.008420906
0.008680776
0.009061918
0.017176202
0.005237858
0.004625384
0.010260938
0.008556121
0.008992264
0.008654670
0.019201109
0.008912523
0.008409099
0.009753895
0.009015343
0.008595399
0.009340002
0.008342174
0.008318798
0.008949723
0.008344785
0.002044190
0.008138550
0.008796056
0.008371839
0.008115292
0.008396699
0.008870932
0.008650814
0.009105645
0.008897927
0.008121463
0.008923321
0.009490881
0.008006539
0.008191592
0.008094823
0.009020268
0.008621860
0.008116598
0.010334449
0.008182455
0.008718570
0.008326333
0.004970216
0.008886832
0.008341521
0.008266408
0.010012341
0.008424941
0.008511861
0.008609994
0.008221317
0.007982094
0.008730555
0.008324849
0.009368837
0.008597060
0.008341462
0.008357481
0.008478101
0.001685534
0.010907290
0.008609875
0.008543603
0.008576531
0.008939103
0.008052639
0.008236565
0.008107698
0.008250270
0.008862388
0.008485518
0.001621279
0.009048687
0.009060020
0.008776239
0.008408328
0.009418438
0.007898971
0.008110961
0.007975686
0.008700118
0.008162994
0.008138313
0.008011641
0.008354159
0.017379470
0.008894308
0.008960106
0.008573387
0.009348427
0.002013456
0.008532330
0.008508894
0.009022404
0.008628209
0.008640312
0.007775088
0.006976849
0.008737081
0.008465226
0.003578904
0.007620294
0.008080821
0.007958006
0.008475550
0.008682734
0.008788343
0.008271333
0.009017657
0.009011961
0.008666536
0.008463150
0.008467837
0.007993486
0.007407652
0.008093102
0.008348404
0.008903742
0.007636373
0.008139499
0.018978558
0.008913769
0.008062250
0.009400757
0.010165178
0.051717456
0.008250923
0.008534110
0.008655679
0.007579177
0.008326867
0.009233622
0.008149704
0.008476203
0.008782351
0.001127467
0.008370890
0.007043656
0.008725096
0.008524913
0.009170375
0.009057112
0.008545739
0.007345829
0.008508301
0.008671046
0.008939459
0.008169461
0.008047299
0.008231818
0.008595102
0.008314288
0.008665053
0.008246710
0.007059438
0.008366796
0.009580352
0.009365040
0.012648358
0.008602340
0.016491463
0.008846725
0.009165629
0.008838537
0.009120300
0.009323449
0.009154949
0.009197015
0.009707973
0.008570598
0.009404792
0.008371246
0.008573802
0.008830409
0.008992323
0.008633964
0.008213722
0.008703796
0.008178954
0.008877933
0.008901843
0.008924270
0.009013385
0.008857938
0.008503376
0.008663629
0.008971616
0.008889443
0.004984218
0.004494975
0.008547815
0.016516382
0.009083574
0.008930144
0.009174647
0.002969575
0.008474957
0.007927094
0.008186549
0.009129437
0.008694125
0.004018488
0.007231617
0.008903860
0.008094526
0.008567216
0.007758476
0.008843877
0.008102595
0.008537966
0.009305531
0.008644940
0.008808753
0.007648535
0.009497526
0.008018464
0.007654468
0.008986034
0.009526954
0.008860430
0.008486526
0.008407319
0.008859184
0.008126090
0.008462023
0.008198059
0.008250330
0.008490323
0.008465938
0.008391478
0.008431408
0.008689201
0.009613518
0.008474126
0.008405065
0.008884815
0.008099451
0.008432594
0.007990638
0.009101077
0.009139879
0.002386055
0.008338377
0.007792057
0.009373346
0.008079812
0.008098858
0.008499223
0.009197133
0.009147058
0.008648618
0.007944063
0.009598626
0.008862210
0.008700770
0.008652178
0.008634498
0.007780962
0.009096389
0.007531357
0.009132285
0.004859326
0.008111376
0.008965624
0.017457668
0.008412718
0.008788758
0.008666299
0.008356473
0.008388393
0.009135251
0.009021395
0.013013955
0.009208881
0.008429509
0.009175359
0.008864583
0.009070640
0.003561639
0.008206603
0.008852420
0.009007808
0.009005910
0.008728656
0.008610231
0.008404709
0.008928542
0.008302244
0.007962218
0.008369585
0.007715817
0.008677987
0.008874551
0.008444045
0.008406133
0.008390647
0.003494832
0.001991682
0.008636990
0.004456054
0.009791274
0.007809322
0.008698635
0.008522065
0.008944265
0.009060079
0.006263335
0.008425593
0.007947445
0.009321254
0.009275866
0.009270051
0.008816822
0.008497146
0.008587923
0.009303217
0.009005672
0.008716908
0.008665765
0.008715662
0.008851412
0.008429153
0.009470234
0.009003536
0.008524557
0.008550900
0.001190061
0.008195745
0.008499579
0.009231189
0.008241727
0.008541170
0.008983898
0.001186501
0.007645865
0.007619107
0.001230881
0.008468430
0.008296252
0.001218480
0.008452945
0.008585550
0.008884162
0.008742895
0.008365432
0.001967060
0.008881433
0.008814864
0.008636337
0.008532508
0.008857582
0.008215799
0.008909082
0.008815873
0.009192565
0.009049103
0.008370949
0.008483263
0.008531914
0.008983601
0.008357363
0.008678759
0.009073310
0.003581218
0.008646957
0.008539924
0.008179132
0.008352972
0.008429984
0.016904466
0.001662454
0.008336122
0.007847176
0.008322357
0.004456113
0.007951479
0.009200278
0.009128132
0.009038660
0.007707985
0.002621777
0.008945036
0.001435395
0.007399464
0.008540636
0.004435407
0.008581337
0.008247600
0.009639683
0.009068979
0.009343918
0.009112705
0.009109205
0.008429331
0.008173021
0.009320423
0.009149313
0.008466769
0.009184555
0.008528117
0.008216096
0.008843343
0.009043466
0.001441743
0.008392190
0.008398479
